0 0
4.02683684459316 4.01794627854795
7.8781457192015 7.29004784583713
6.72650123302136 6.62980785665891
8.86132180518996 8.80309311733282
3.14702289817243 3.13178628978174
9.11850484350812 8.05200502393071
6.13242365781417 6.07938779590289
7.06173652749689 7.04901842122027
5.21855332417877 5.17799180915494
5.22688128293976 5.12113297483535
2.50259781513617 2.4461374268039
3.36501276853929 3.3414598990197
3.61980676653147 3.6178288247795
7.85538977390683 7.07863629693773
5.6270188437189 4.88676851027066
8.07508097440783 7.73448785757137
9.05653055923019 8.99513429958484
4.8352620153159 4.81192988479843
5.82292200958674 5.77396254165477
3.07381368898549 3.05767475688944
6.12893953946181 6.12340023344211
6.7881617849694 6.76518484496074
5.10330513596932 5.03352660075821
8.88192285381274 8.82712734714429
2.45532411577647 2.43272879260685
6.94072095815117 6.92790965412192
2.36021503543925 2.33109323326249
6.9143017948894 6.81658417767663
6.56491172518408 5.004765416918
9.24550325468724 9.01635830333145
8.80064307770069 8.36871099328858
7.36883743076756 7.34643272873562
5.55566372321124 5.54012874277182
7.0798407162568 7.04677342687628
7.91401035369416 7.48428992009984
2.95363108869542 2.92628200826439
4.99934178640522 4.93714867104486
6.11887347651687 6.09574089681321
4.86416815059855 4.85078442388724
3.45728007840564 3.45728007840564
2.54621093158209 2.54621093158209
4.1643492775469 4.16639756410285
6.37087923203612 6.27869639594338
5.70260198790275 4.58575467277949
8.13111921420881 8.12425373371178
6.03087051109719 5.94528179610817
4.91559146038454 4.86061822338615
6.0029186943812 5.54566743113548
4.5392508118006 4.48827164260786
6.20455171628056 5.63695001392237
7.53233510866246 6.51894848717018
2.58396529032834 2.55815777253656
8.70543297276151 8.53703184542085
6.89048937088435 6.69229310778753
7.61172776405292 7.55777241688352
8.81475970759854 8.64970275383667
7.65504329431505 6.69960492582676
7.92575381699227 7.92581225268836
7.76934582623065 7.43360198965081
8.60733742065297 8.57439909879435
7.57579260147349 6.8925357217555
4.0928826506378 4.08132401840913
8.79794558559139 8.79786053614818
5.19233646309115 5.16985402062714
6.30587724141406 6.12004415944146
5.26650763045319 5.23002766516377
4.82087495002554 4.76867500011867
8.62934209151731 8.38850151631322
3.21935363665408 3.19547890924967
9.03469038791067 8.97478646286663
4.35691304213852 4.32909077121344
8.12350925617341 8.08223562612574
6.91001031602468 6.87168582132704
4.14552805295512 4.07065808478718
5.92182714225117 5.54340886926915
4.81274565957768 4.6565352013145
5.85178196352604 5.55978801243746
7.64835852995286 6.90085483639331
6.3161333257927 5.46393679230189
4.2550461060798 4.25132861426713
2.63236176711579 2.61737318544603
4.81167901386121 4.81594632304872
8.51884778244925 8.47636161429043
7.06307923910229 7.0155679134799
3.57424719724686 3.4381021202386
7.78625744501169 6.58826410102577
5.10308142469107 5.10537538657422
5.8897468880594 5.54440655075004
3.62431582919173 3.61774658660123
8.72871948365419 7.89547526169946
8.35887869921009 8.32150244847648
6.50152207646877 5.86636629900095
4.38573904986531 4.37539193147929
2.70264276318669 2.6988245063761
7.74973841319647 6.82499201959735
3.55534038929942 3.53547783192032
6.32745807059479 6.22724198528074
7.98521809260627 7.72823749442719
4.87252698049746 4.87071905313729
4.76580264219201 4.73664120790592
