-0.10000 0.00000
0.10000 0.00000
-0.04000 -0.01000
0.04000 0.01000
-0.01000 0.00000
0.01000 0.00000
-0.10000 -0.10000
0.10000 0.10000
-0.10000 -0.10000
0.10000 0.10000
-0.10000 -0.08000
0.10000 0.08000
-0.08000 -0.10000
0.08000 0.10000
0.00000 0.00000
0.00000 0.00000
0.00000 0.00000
0.00000 0.00000
0.00000 0.00000
0.00000 0.00000
-0.10000 -0.10000
0.10000 0.10000
0.11000 -0.10000
-0.11000 0.10000
-0.25000 0.00000
0.25000 0.00000
0.00000 0.00000
0.00000 0.00000
0.00000 0.00000
0.00000 0.00000
-0.15000 -0.20000
0.15000 0.20000
-0.20000 -0.10000
0.20000 0.10000
0.25000 0.54000
-0.25000 -0.54000
0.57000 0.57000
-0.23667 -0.23667
0.04000 -0.10000
-0.04000 0.10000
0.05000 0.00000
-0.05000 0.00000
-0.20000 -0.15000
0.20000 0.15000
-0.10000 0.05000
0.10000 -0.05000
0.13500 -0.10000
-0.13500 0.10000
0.16000 0.13000
-0.16000 -0.13000
0.00000 0.00000
0.00000 0.00000
-0.21000 -0.21000
0.21000 0.21000
0.00000 0.00000
0.00000 0.00000
0.00000 0.00000
0.00000 0.00000
0.00000 0.00000
0.00000 0.00000
0.10000 -0.04000
-0.10000 0.04000
0.16500 0.00000
-0.16500 0.00000
0.00000 0.00000
0.00000 0.00000
-0.15000 -0.15000
0.15000 0.15000
-0.20000 -0.20000
0.20000 0.20000
0.57000 0.57000
-0.23667 -0.23667
0.00000 0.00000
0.00000 0.00000
0.00000 0.00000
0.00000 0.00000
0.00000 0.11000
0.00000 -0.11000
-0.10000 -0.10000
0.10000 0.10000
0.11000 -0.10000
-0.11000 0.10000
0.00000 0.00000
0.00000 0.00000
0.00000 0.00000
0.00000 0.00000
0.00000 -0.04000
0.00000 0.04000
-0.15000 -0.15000
0.15000 0.15000
-0.21000 -0.21000
0.21000 0.21000
0.54000 0.25000
-0.54000 -0.25000
0.11000 0.02000
-0.11000 -0.02000
0.02000 0.01000
-0.02000 -0.01000
-0.19000 0.00000
0.19000 0.00000
0.02000 -0.09000
-0.02000 0.09000
0.16000 0.00000
-0.16000 0.00000
0.00000 0.00000
0.00000 0.00000
0.00000 0.00000
0.00000 0.00000
0.00000 -0.11000
0.00000 0.11000
0.00000 0.00000
0.00000 0.00000
0.00000 0.00000
0.00000 0.00000
-0.08000 -0.12000
0.08000 0.12000
0.00000 0.00000
0.00000 0.00000
0.00000 0.00000
0.00000 0.00000
0.00000 0.00000
0.00000 0.00000
0.51000 0.49000
-0.51000 -0.49000
0.04000 0.04000
-0.04000 -0.04000
0.04000 -0.11000
-0.04000 0.11000
0.63000 0.40000
-0.63000 -0.40000
0.23000 0.17000
-0.23000 -0.17000
0.17000 0.11000
-0.17000 -0.11000
0.10000 0.10000
-0.10000 -0.10000
0.10000 0.10000
-0.10000 -0.10000
0.10000 0.00000
-0.10000 0.00000
0.00000 0.10000
0.00000 -0.10000
0.10000 0.10000
-0.10000 -0.10000
0.10000 0.00000
-0.10000 0.00000
0.00000 -0.20000
0.00000 0.20000
0.26000 0.28000
-0.76000 -0.78000
-0.09000 0.10000
0.09000 -0.10000
-0.11000 -0.11000
0.11000 0.11000
-0.11000 0.04000
0.11000 -0.04000
-0.09000 0.00000
0.09000 0.00000
0.40000 0.63000
-0.40000 -0.63000
0.00000 0.02000
0.00000 -0.02000
-0.10000 -0.04000
0.10000 0.04000
-0.04000 0.00000
0.04000 0.00000
0.48000 0.49000
-0.48000 -0.49000
0.01000 0.00000
-0.01000 0.00000
0.58000 0.49000
-0.58000 -0.49000
0.30000 0.51000
-0.30000 -0.51000
0.00000 0.00000
0.00000 0.00000
-0.02000 0.00000
0.02000 0.00000
-0.03000 0.00000
0.03000 0.00000
-0.03000 0.00000
0.03000 0.00000
-0.09000 -0.14000
0.09000 0.14000
0.00000 0.00000
0.00000 0.00000
-0.14000 -0.09000
0.14000 0.09000
-0.15000 -0.10000
0.15000 0.10000
-0.10000 -0.12000
0.10000 0.12000
0.32000 0.36000
-0.32000 -0.36000
0.04000 0.10000
-0.04000 -0.10000
0.04000 0.04000
-0.04000 -0.04000
0.11000 0.11000
-0.11000 -0.11000
0.14000 0.02000
-0.14000 -0.02000
0.14000 0.13000
-0.14000 -0.13000
0.05000 0.08000
-0.05000 -0.08000
-0.11000 -0.14000
0.11000 0.14000
-0.27000 -0.10000
0.27000 0.10000
0.34000 0.32000
-0.34000 -0.32000
0.03000 0.04000
-0.03000 -0.04000
0.01000 0.05000
-0.01000 -0.05000
-0.17000 -0.14000
0.17000 0.14000
-0.12000 -0.08000
0.12000 0.08000
0.36000 0.32000
-0.36000 -0.32000
0.10000 -0.02000
-0.10000 0.02000
-0.02000 0.10000
0.02000 -0.10000
0.11000 0.11000
-0.11000 -0.11000
0.49000 0.51000
-0.49000 -0.51000
0.02000 0.14000
-0.02000 -0.14000
0.08000 0.05000
-0.08000 -0.05000
0.00000 0.00000
0.00000 0.00000
0.00000 0.01000
0.00000 -0.01000
0.00000 0.25000
0.00000 -0.25000
0.00000 0.25000
0.00000 -0.25000
0.00000 0.00000
0.00000 0.00000
0.00000 0.00000
0.00000 0.00000
0.00000 0.00000
0.00000 0.00000
-0.34000 0.00000
0.34000 0.00000
0.00000 0.09000
0.00000 -0.09000
0.09000 0.00000
-0.09000 0.00000
0.00000 0.00000
0.00000 0.00000
0.13000 0.10000
-0.13000 -0.10000
-0.11500 -0.12000
0.11500 0.12000
-0.12000 -0.11500
0.12000 0.11500
0.28000 0.04000
-0.28000 -0.04000
0.30000 0.41000
-0.30000 -0.41000
0.41000 0.30000
-0.41000 -0.30000
0.14000 0.07000
-0.14000 -0.07000
0.07000 0.01000
-0.07000 -0.01000
0.04000 0.07000
-0.04000 -0.07000
0.21500 0.13000
-0.21500 -0.13000
-0.16000 0.13000
0.16000 -0.13000
0.11000 0.13000
-0.11000 -0.13000
-0.24000 -0.12000
-0.76000 -0.88000
0.13000 0.21500
-0.13000 -0.21500
0.12000 0.08000
-0.12000 -0.08000
-0.40000 0.12000
0.40000 -0.12000
0.00000 0.00000
0.00000 0.00000
0.00000 -0.16000
0.00000 0.16000
-0.01000 -0.02500
0.01000 0.02500
-0.10000 0.00000
0.10000 0.00000
-0.17000 -0.16000
0.17000 0.16000
-0.16000 -0.17000
0.16000 0.17000
0.29000 -0.10000
-0.29000 0.10000
0.05000 -0.10000
-0.05000 0.10000
0.07000 0.41000
-0.07000 -0.41000
0.49000 0.51000
-0.49000 -0.51000
0.02500 -0.03000
-0.02500 0.03000
-0.13000 -0.12000
0.13000 0.12000
0.31500 0.41000
-0.31500 -0.41000
0.05000 -0.10000
-0.05000 0.10000
0.01000 0.07000
-0.01000 -0.07000
0.21000 0.22000
-0.21000 -0.22000
0.00000 0.00000
0.00000 0.00000
-0.20000 0.00000
0.20000 0.00000
-0.18000 -0.15000
0.18000 0.15000
0.00000 0.00000
0.00000 0.00000
0.35000 0.43500
-0.35000 -0.43500
-0.05000 0.10000
0.05000 -0.10000
0.43500 0.35000
-0.43500 -0.35000
0.00000 0.00000
0.00000 0.00000
0.00000 0.00000
0.00000 0.00000
0.00000 0.00000
0.00000 0.00000
-0.14000 0.00000
0.14000 0.00000
-0.08000 -0.07000
0.08000 0.07000
-0.07000 0.00000
0.07000 0.00000
0.14000 0.23000
-0.14000 -0.23000
0.00000 0.00000
0.00000 0.00000
0.00000 0.00000
0.00000 0.00000
0.00000 0.00000
0.00000 0.00000
0.00000 0.00000
0.00000 0.00000
0.00000 0.00000
0.00000 0.00000
0.04000 0.04000
-0.04000 -0.04000
-0.09000 -0.09000
0.09000 0.09000
0.00000 0.00000
0.00000 0.00000
0.17000 0.17000
-0.17000 -0.17000
0.26000 0.26000
-0.26000 -0.26000
0.00000 0.10000
0.00000 -0.10000
0.23000 0.23000
-0.23000 -0.23000
-0.12000 -0.08000
-0.88000 -0.92000
-0.04000 -0.07000
0.04000 0.07000
0.17000 0.14000
-0.17000 -0.14000
-0.10000 -0.09000
0.10000 0.09000
-0.47000 -0.51000
0.47000 0.51000
0.00000 0.00000
0.00000 0.00000
-0.09000 -0.09000
0.09000 0.09000
0.38000 0.31000
-0.13000 -0.06000
0.31000 0.31000
-0.06000 -0.06000
0.00000 0.00000
0.00000 0.00000
0.00000 0.00000
0.00000 0.00000
0.00000 -0.06000
0.00000 0.06000
0.00000 0.00000
0.00000 0.00000
0.00000 0.00000
0.00000 0.00000
0.04000 0.00000
-0.04000 0.00000
-0.09000 -0.09000
0.09000 0.09000
0.00000 0.16000
0.00000 -0.16000
0.28000 0.21000
-0.28000 -0.21000
0.17000 0.22000
-0.17000 -0.22000
0.26000 0.26000
-0.26000 -0.26000
0.10000 0.10000
-0.10000 -0.10000
0.23000 0.23000
-0.23000 -0.23000
-0.08000 -0.08000
-0.92000 -0.92000
0.20000 0.17000
-0.20000 -0.17000
0.22000 0.17000
-0.22000 -0.17000
-0.51000 -0.47000
0.51000 0.47000
0.08000 0.08000
-0.08000 -0.08000
0.09000 0.07000
-0.09000 -0.07000
-0.06000 0.00000
0.06000 0.00000
0.22000 0.23000
-0.22000 -0.23000
-0.11000 -0.09000
0.11000 0.09000
0.00000 0.00000
0.00000 0.00000
-0.09000 -0.09000
0.09000 0.09000
-0.09000 -0.09000
0.09000 0.09000
0.00000 0.00000
0.00000 0.00000
0.00000 0.00000
0.00000 0.00000
-0.09000 -0.09000
0.09000 0.09000
-0.25000 -0.25000
0.25000 0.25000
0.40000 0.33000
-0.15000 -0.08000
0.33000 0.38000
-0.08000 -0.13000
0.38000 0.31000
-0.13000 -0.06000
0.31000 0.31000
-0.06000 -0.06000
0.00000 0.00000
0.00000 0.00000
0.00000 0.00000
0.00000 0.00000
0.00000 0.00000
0.00000 0.00000
-0.09000 -0.09000
0.09000 0.09000
0.22000 0.25000
-0.22000 -0.25000
0.00000 0.00000
0.00000 0.00000
0.00000 0.07000
0.00000 -0.07000
0.16000 0.08000
-0.16000 -0.08000
0.08000 0.00000
-0.08000 0.00000
0.07000 0.08000
-0.07000 -0.08000
0.17000 0.10000
-0.17000 -0.10000
0.26000 0.10000
-0.26000 -0.10000
0.10000 0.17000
-0.10000 -0.17000
0.23000 0.17000
-0.23000 -0.17000
-0.08000 -0.24000
-0.92000 -0.76000
0.08000 0.07000
-0.08000 -0.07000
0.07000 0.08000
-0.07000 -0.08000
0.12000 -0.40000
-0.12000 0.40000
-0.09000 -0.09000
0.09000 0.09000
-0.25000 -0.09000
0.25000 0.09000
0.45000 0.09000
-0.11667 0.24333
0.40000 0.31000
-0.15000 -0.06000
0.31000 0.40000
-0.06000 -0.15000
0.31000 0.31000
-0.06000 -0.06000
-0.09000 -0.09000
0.09000 0.09000
0.21000 0.00000
-0.21000 0.00000
-0.09000 -0.09000
0.09000 0.09000
0.21000 0.07000
-0.21000 -0.07000
-0.09000 -0.09000
0.09000 0.09000
0.21000 0.02000
-0.21000 -0.02000
0.00000 0.00000
0.00000 0.00000
0.00000 0.00000
0.00000 0.00000
-0.09000 -0.09000
0.09000 0.09000
0.00000 0.00000
0.00000 0.00000
0.00000 0.00000
0.00000 0.00000
-0.09000 0.00000
0.09000 0.00000
0.00000 0.00000
0.00000 0.00000
0.23000 0.22000
-0.23000 -0.22000
-0.09000 -0.09000
0.09000 0.09000
0.00000 0.00000
0.00000 0.00000
0.00000 0.00000
0.00000 0.00000
0.11000 0.18000
-0.11000 -0.18000
0.08000 0.08000
-0.08000 -0.08000
0.10000 0.00000
-0.10000 0.00000
0.23000 0.23000
-0.23000 -0.23000
0.20000 0.20000
-0.20000 -0.20000
0.00000 0.00000
0.00000 0.00000
0.00000 0.00000
0.00000 0.00000
0.00000 0.00000
-0.00000 0.00000
0.00000 0.00000
0.00000 0.00000
-0.09000 -0.09000
0.09000 0.09000
0.23000 0.22000
-0.23000 -0.22000
0.24000 0.18000
-0.24000 -0.18000
0.18000 0.24000
-0.18000 -0.24000
0.25000 0.31500
-0.25000 -0.31500
0.20000 0.22000
-0.20000 -0.22000
-0.09000 -0.09000
0.09000 0.09000
0.09000 0.45000
0.24333 -0.11667
0.25000 0.38000
0.00000 -0.13000
0.02000 0.20000
-0.02000 -0.20000
-0.28000 -0.09000
0.28000 0.09000
0.31500 0.25000
-0.31500 -0.25000
0.40500 0.31000
-0.15500 -0.06000
0.00000 0.00000
0.00000 0.00000
-0.09000 -0.09000
0.09000 0.09000
0.00000 0.00000
0.00000 0.00000
0.00000 0.00000
0.00000 0.00000
0.00000 0.00000
0.00000 0.00000
0.37000 0.32000
-0.37000 -0.32000
0.32000 0.36000
-0.32000 -0.36000
0.36000 0.31000
-0.36000 -0.31000
0.36000 0.32000
-0.36000 -0.32000
0.31000 0.36000
-0.31000 -0.36000
0.34000 0.32000
-0.34000 -0.32000
0.33000 0.34000
-0.33000 -0.34000
0.32000 0.36000
-0.32000 -0.36000
0.39000 0.33000
-0.39000 -0.33000
0.42000 0.34000
-0.42000 -0.34000
0.44000 0.36000
-0.44000 -0.36000
0.32000 0.32000
-0.07000 -0.07000
0.32000 0.33000
-0.07000 -0.08000
0.33000 0.32000
-0.08000 -0.07000
0.16000 0.00000
-0.16000 0.00000
0.38000 0.33000
-0.38000 -0.33000
0.36000 0.29000
-0.36000 -0.29000
0.29000 0.37500
-0.29000 -0.37500
0.37500 0.32000
-0.37500 -0.32000
-0.06000 -0.39000
0.06000 0.39000
0.00000 0.00000
0.00000 0.00000
-0.39000 -0.26000
0.39000 0.26000
-0.26000 -0.39000
0.26000 0.39000
0.04000 0.47000
-0.04000 -0.47000
-0.21000 0.00000
0.21000 0.00000
0.00000 0.00000
0.00000 0.00000
-0.78000 -0.86000
0.28000 0.36000
-0.86000 -0.78000
0.36000 0.28000
-0.47000 -0.43000
0.47000 0.43000
-0.43000 -0.35000
0.43000 0.35000
-0.35000 -0.27000
0.35000 0.27000
-0.34000 -0.47000
0.34000 0.47000
-0.27000 -0.35000
0.27000 0.35000
0.12000 0.12000
0.21000 0.21000
0.12000 0.12000
0.21000 0.21000
